 County,hispanic_percent,black_percent,white_percent,other_percent,Total
Alamance,26.38117896,22.57908186,44.44444444,6.595294738,22698
Alexander,9.866939611,3.930399181,80.12282497,6.079836233,4885
Alleghany ,23.40585146,0.750187547,72.8432108,3.00075019,1333
Anson ,5.162638019,56.43091614,32.97523127,5.431214562,3351
Ashe ,11.36820926,0.60362173,85.81488934,2.213279674,2982
Avery ,11.48373984,0.304878049,84.95934959,3.252032518,1968
Beaufort,16.41134537,32.21598665,46.61004095,4.762627025,6593
Bertie ,2.1957914,80.7410796,14.18115279,2.881976212,2186
Bladen,18.90628652,37.06473475,37.06473475,6.964243978,4279
Brunswick,13.31001034,15.02743102,65.28583923,6.376719405,12577
Buncombe,16.63962052,6.740731494,70.05783714,6.561810845,24033
Burke,15.2,4.931958763,68.11546392,11.75257732,12125
Cabarrus,16.81857372,20.41199655,53.19620643,9.573223299,32476
Caldwell,10.69084629,5.284974093,78.5492228,5.474956819,11580
Camden,3.133589885,10.00549753,79.71412864,7.146783947,1819
Carteret ,8.948383985,5.993728895,77.0260492,8.031837916,8292
Caswell ,7.88365863,36.28013777,51.16724072,4.668962878,2613
Catawba ,16.07440826,5.358136086,66.64606637,11.92138928,16181
Chatham,31.53872476,11.52047451,51.07790578,5.86289495,8767
Cherokee ,6.009913259,1.858736059,85.78066914,6.350681537,3228
Chowan,6.866734486,45.11698881,44.35401831,3.662258393,1966
Clay ,8.261886204,0.857365549,88.15276695,2.727981294,1283
Cleveland,6.069542555,27.17234758,60.29078938,6.467320486,14581
Columbus,10.32714412,29.76127321,52.04244032,7.869142352,5655
Craven,10.64767963,27.88781264,50.73731386,10.72719387,13834
Cumberland,13.46768395,45.09467125,29.07046417,12.36718063,50068
Currituck,5.875031118,4.680109534,80.38337067,9.061488673,4017
Dare ,16.11337604,2.174335081,76.06290041,5.649388472,5151
Davidson,9.42951438,3.646078894,82.59206873,4.332337996,19089
Davie ,13.83463542,6.591796875,73.40494792,6.168619788,6144
Duplin ,41.04214241,22.37907411,33.14303508,3.435748393,9634
Durham ,30.6301403,44.76294146,18.82559265,5.781325593,33072
Edgecombe ,10.32498307,56.07650643,30.46716317,3.131347329,5908
Forsyth,26.18191821,28.67779204,38.10379608,7.036493673,54530
Franklin ,19.39075116,30.59701493,44.92292635,5.089307563,8174
Gaston ,13.20772641,22.2229259,58.16339455,6.405953134,31580
Gates ,1.817080557,30.76923077,61.78073895,5.632949728,1651
Graham ,3.84951881,0.262467192,77.69028871,18.19772528,1143
Granville ,17.90765946,34.34747798,43.10114758,4.643714973,7494
Greene ,30.97489403,36.4525595,30.19237039,2.380176071,3067
Guilford ,15.70647779,40.61236441,32.51582499,11.16533281,71722
Halifax ,4.027386226,83.12525171,3.987112364,8.860249698,2483
Harnett,20.66292956,24.49427248,46.84377285,7.999025107,20515
Haywood ,8.296275709,1.278488049,86.40911618,4.016120066,7196
Henderson,24.28994083,4.045857988,65.42159763,6.242603549,13520
Hertford ,4.102747057,78.13057438,13.73528362,4.031394934,2803
Hoke ,21.92568733,34.66007132,26.02093639,17.39330496,8693
Hyde ,21.23287671,21.23287671,55.65068493,1.883561646,584
Iredell,13.36856528,14.24447054,65.76629477,6.620669404,20436
Jackson ,14.83486735,1.353546291,71.73795344,12.07363292,3694
Johnston,23.66117333,16.18542089,55.51232526,4.641080512,35983
Jones,10.01855288,36.82745826,48.88682746,4.267161406,1078
Lee,35.65977104,20.81743322,38.3109058,5.211889936,9958
Lenoir,13.70181143,46.55132373,35.68276823,4.064096605,8612
Lincoln,11.09736703,6.158331861,77.47835307,5.265948043,11318
Macon,19.23519926,0.621976503,76.61829072,3.52453352,4341
Madison,4.1173894,0.219010074,93.47349978,2.190100745,2283
Martin ,8.540575916,50.68717277,36.97643979,3.795811519,3056
McDowell,13.55680317,2.906208719,78.58322325,4.953764862,6056
Mecklenburg ,24.11389871,38.14086686,28.03697093,9.708263493,147359
Mitchell,11.10512129,0.269541779,85.98382749,2.641509438,1855
Montgomery,33.87055513,19.54464057,40.88002047,5.704783831,3909
Moore ,13.42775756,15.93606583,64.17154613,6.464630476,12638
Nash,12.6715735,52.19149924,30.58815728,4.548769979,15081
New Hanover ,13.65734559,19.13935833,60.8324114,6.370884677,26213
Northampton ,4.080389769,82.33861145,10.29232643,3.28867235,1642
Onslow ,14.52094112,18.7356018,56.15770988,10.5857472,26479
Orange ,23.55513048,14.19592841,56.07323405,6.175707066,7319
Pamlico ,8.158319871,21.48626817,62.19709208,8.158319871,1238
Pasquotank ,8.23699422,44.85187861,40.85982659,6.051300578,5536
Pender ,14.16522491,14.05709343,66.81444637,4.963235298,9248
Perquimans ,3.314571607,26.95434647,65.66604128,4.065040651,1599
Person ,9.332732191,34.91884581,49.72948602,6.018935979,4436
Pitt ,11.55517682,46.62974009,35.87984661,5.935236474,23470
Polk ,12.48213435,5.240590758,77.17960934,5.097665555,2099
Randolph ,18.03200096,3.727452508,72.15796728,6.082579252,16687
Richmond ,11.9844466,35.32842661,43.57728093,9.109845859,7201
Robeson ,16.38100339,23.65202642,12.78789502,47.17907517,22404
Rockingham ,13.97405173,19.44467399,60.10247087,6.478803406,12101
Rowan,17.56686168,18.56978688,58.19055579,5.672795654,19144
Rutherford ,8.209325397,12.15277778,72.37103175,7.266865079,8064
Sampson ,38.76540227,18.22904083,38.36675525,4.638801644,8278
Scotland ,3.51732544,45.72523072,29.53160369,21.22584015,5743
Stanly ,8.803284627,13.76645333,68.92887332,8.501388722,8281
Stokes ,4.628378378,2.753378378,88.58108108,4.037162163,5920
Surry ,24.15587713,2.41177964,70.30972328,3.12261995,7878
Swain ,5.18819939,0.762970498,65.31027467,28.73855544,1966
Transylvania ,7.694566814,4.552129222,80.85168869,6.901615271,3405
Tyrrell ,18.19699499,32.38731219,37.56260434,11.85308848,599
Union,17.75443013,12.49636874,62.19376392,7.555437208,41308
Vance ,14.18667568,64.76158269,16.94284748,4.108894154,5914
Wake ,17.69511852,22.96448983,46.37309098,12.96730067,160095
Warren ,8.193484699,65.7946693,15.30108588,10.71076012,2026
Washington ,8.701754386,73.47368421,15.0877193,2.736842105,1425
Watauga ,9.205298013,1.214128035,84.98896247,4.591611479,4530
Wayne ,22.85251216,35.31604538,36.66126418,5.170178278,18510
Wilkes ,14.49537382,3.807295544,76.57130703,5.126023606,9403
Wilson ,19.8357112,44.49632512,30.89494163,4.773022047,11565
Yadkin ,24.709025,3.14825415,68.89906506,3.243655786,5241
Yancey ,13.80563124,0.499545867,83.56039964,2.134423256,2202